6
18911 0 40000 10
18946 18940 0 2 100 0 0 0
18937 18941 6 2 101 0 0 0
18938 18942 6 2 102 0 0 0
18939 18943 6 2 103 0 0 0
18940 18944 0 2 104 0 0 0
18941 18945 0 2 105 0 0 0
18942 18946 0 2 106 0 0 0
18943 18947 2 2 107 0 0 0
18944 18948 2 2 108 0 0 0
18945 18949 2 2 109 0 0 0
2201 0 30000 47
2217 2204 2 1 1A 0 0 0
2219 2205 6 1 2A 0 1 0
2220 2206 2 1 3A 0 0 0
2222 2207 6 1 4A 0 2 0
2223 2208 2 1 5A 0 2 0
2225 2209 6 1 6A 0 0 0
2226 2210 2 1 7A 0 0 0
2228 2211 6 1 8A 0 0 0
2229 2212 2 1 9A 0 0 0
2232 2214 2 1 11A 0 0 0
2234 2215 6 1 12A 0 0 0
2235 2216 2 1 13A 0 3 0
2237 2217 6 1 14A 0 0 0
2258 2218 2 1 1B 0 0 0
2260 2219 6 1 2B 0 0 0
2255 2220 2 1 3B 0 1 0
2257 2221 6 1 4B 0 0 0
2252 2222 2 1 5B 0 0 0
2254 2223 6 1 6B 0 0 0
2229 2224 2 1 7B 0 0 0
2251 2225 6 1 8B 0 0 0
2246 2226 2 1 9B 0 0 0
2248 2227 6 1 10B 0 0 0
2243 2228 2 1 11B 0 0 0
2245 2229 6 1 12B 0 0 0
2240 2230 2 1 13B 0 0 0
2242 2231 6 1 14B 0 0 0
2280 2232 2 1 1C 0 0 0
2282 2233 6 1 2C 0 1 0
2277 2234 2 1 3C 0 1 0
2279 2235 6 1 4C 0 0 0
2274 2236 2 1 5C 0 0 0
2276 2237 6 1 6C 0 0 0
2276 2238 2 1 7C 0 0 0
2273 2239 6 1 8C 0 0 0
2268 2240 2 1 9C 0 0 0
2270 2241 6 1 10C 0 0 0
2265 2242 2 1 11C 0 0 0
2267 2244 6 1 12C 0 4 0
2262 2245 2 1 13C 0 0 0
2264 2246 6 1 14C 0 0 0
2295 2247 2 2 1D 0 1 0
2297 2248 6 2 2D 0 3 0
2290 2249 2 2 3D 0 1 0
2292 2250 6 2 4D 0 6 0
2285 2251 2 2 5D 0 0 0
2287 2252 6 2 6D 0 1 0
22608 0 20000 9
22643 22610 4 0 1A 0 2 0
22644 22611 0 0 2A 0 3 0
22645 22612 0 0 4A 0 0 0
22646 22613 4 0 5A 0 0 0
22647 22614 0 0 6A 0 0 0
22637 22615 4 0 1B 0 0 0
22638 22616 4 0 3B 0 0 0
22639 22617 0 0 4B 0 0 0
22640 22618 0 0 6B 0 0 0
26400 0 15000 26
26418 26401 2 1 A 0 3 0
26419 26402 6 1 B 0 7 0
26420 26403 2 1 C 0 0 0
26421 26404 6 1 D 0 0 0
26422 26405 2 1 E 0 0 0
26423 26406 6 1 F 0 0 0
26424 26407 2 1 G 0 0 0
26425 26408 6 1 H 0 0 0
26426 26409 2 1 I 0 0 0
26427 26410 6 1 J 0 0 0
26428 26411 2 1 K 0 0 0
26429 26412 6 1 L 0 0 0
26431 26413 6 1 M 0 0 0
26430 26414 4 1 N 0 0 0
26432 26415 4 1 O 0 0 0
26433 26416 0 1 P 0 0 0
26434 26417 4 1 Q 0 0 0
26435 26418 0 1 R 0 0 0
26436 26419 4 1 S 0 0 0
26437 26420 0 1 T 0 0 0
26438 26421 4 1 U 0 0 0
26439 26422 0 1 V 0 0 0
26440 26423 4 1 W 0 0 0
26441 26424 0 1 X 0 0 0
26442 26425 4 1 Y 0 0 0
26443 26426 0 1 Z 0 0 0
10110 0 10000 12
10122 10120 4 1 1A 0 0 0
10123 10121 0 1 2A 0 0 0
10124 10122 4 1 3A 0 0 0
10125 10123 0 1 4A 0 0 0
10126 10124 4 1 5A 0 0 0
10127 10125 0 1 6A 0 0 0
10128 10126 4 1 1B 0 0 0
10129 10127 0 1 2B 0 0 0
10130 10128 4 1 3B 0 0 0
10131 10129 0 1 4B 0 0 0
10132 10130 4 1 5B 0 0 0
10133 10131 0 1 6B 0 0 0
6401 0 10000 15
6451 6451 0 1 1A 0 0 0
6452 6452 0 1 1B 0 0 0
6453 6453 0 1 1C 0 0 0
6454 6454 0 1 1D 0 0 0
6455 6455 0 1 1E 0 0 0
6456 6456 6 1 1F 0 0 0
6457 6457 6 1 1G 0 0 0
6458 6458 6 1 1H 0 0 0
6459 6459 6 1 1I 0 0 0
6460 6460 6 1 1J 0 0 0
6461 6461 4 1 1K 0 0 0
6462 6462 4 1 1L 0 0 0
6463 6463 4 1 1M 0 0 0
6464 6464 4 1 1N 0 0 0
6465 6465 4 1 1O 0 0 0
